Form\ВыборЗапроса\Форма.bsl-->503e6028-435b-4311-88b0-cbca9f4ac1d4.0 (1 165, 1 663)
Form\Граница\Форма.bsl-->2778e5bc-046e-4cdd-856a-999f2b001338.0 (404, 621)
Form\МоментВремени\Форма.bsl-->5f52e4bc-ddfa-4414-b28d-b2209391a38c.0 (268, 386)
Form\Настройки\Форма.bsl-->d342d3a6-5730-433d-add4-671320ee5928.0 (555, 608)
Form\ПланВыполненияЗапроса\Форма.bsl-->c955ffa4-de7f-49c0-80af-130478e134b5.0 (2 513, 2 759)
Form\РезультатЗапроса\Форма.bsl-->7be5c869-eecf-4d85-a132-2c2689a898cb.0 (184, 203)
Form\ТаблицаЗначений\Форма.bsl-->5a309b23-057b-43e6-9a7f-0aeb962c2441.0 (1 015, 1 513)
Form\ТекстЗапросаДляКонфигуратора\Форма.bsl-->86c4ffee-d398-4570-a9d0-a5a5dbdf67de.0 (186, 223)
Form\Форма\Форма.bsl-->8304405f-29c4-468f-bcac-1d3e1bc5dbc6.0 (2 724, 4 550)
Макеты\РезультатВыполненияЗапроса.mxl-->7d900a2d-0c12-4335-8087-77e1a64f0170.0
